{
    "1": {
        "CUBE_X": 4.335, 
        "CUBE_Y": 2.88, 
        "CUBE_Z": 4.532500000000001, 
        "SECONDS": 7.0, 
        "MLUPS": 0.0013580965440000003, 
        "FPS": 24.0
    }, 
    "2": {
        "CUBE_X": 6.009999999999999, 
        "CUBE_Y": 5.77, 
        "CUBE_Z": 9.4425, 
        "SECONDS": 7.0, 
        "MLUPS": 0.0111331021965, 
        "FPS": 34.0
    }, 
    "3": {
        "CUBE_X": 4.335, 
        "CUBE_Y": 2.88, 
        "CUBE_Z": 4.532500000000001, 
        "SECONDS": 7.0, 
        "MLUPS": 0.0013580965440000003, 
        "FPS": 24.0
    }
}